$ANSIBLE_VAULT;1.1;AES256
63646231666662663834336337643231623161343562356666663662613330323636303935386239
3663356366343033616566656461666239613465653135660a383163363637303866626361363166
31376537616438656336393739343839393665613065316364626430666437613232303663356236
6431336663633966340a326561373031333766613334643164346163656664303336333832303635
34613266383233373766336265626462316562646239363537633365333064306534396264386636
66306364353037363737386261623839343939646264346266383438343035633830313438343533
35633962636365613135343962363834386634306166353432623266336535613238323661643231
37303235303033313265623332316464316630373365316432313736326130313765316139363337
35346539333132323138363162613439666635396435376533613637613062383863326131356532
33336638363563386462326665636631373064303535363536363064303530356430663235343231
61326562646231623233326137323836356633633062333665663533393830663061306539366535
33393631363337663230353862343034653434666434343935393636353334626531316462393031
32313639316132626635363035393638316435626562363863626566343565633261626464616639
62666134336265366262653431356134643766613631663965643562303138353363666232633062
34333463653231346435363336306662383736386665613561306435306339343031303164383134
63613761393034663631613239393763366438366131613036336332373131313462386165613265
61363631373934363039636633666365623933326434303739343165303564663065396530323362
38333963363264623066633262333764336665393035613636326337623865613632653938663231
61386137393533656633626533633262333662633233626565616633323238323738393535663765
31363838333032353739653336366466663532643635656532656462393435326233383939653534
38326262633635633861646266646431643435363166613034333861623761373733386663626630
34323462346236396139613732373362303936643061356239623563656235386532623365623836
31336437316330633362353761393036356634623134373863623330336139626661363365336162
63366264663636343238323430353438623864613939346134643962656332643264363764303134
37333633343336633739623266613262396533326538383865306365333132303935
